  4 2 3 2 3 1 5  
3 0 0 0 0 0 0 0 2
2 0 0 0 0 0 0 0 4
2 0 0 0 0 0 0 0 3
3 0 0 0 0 0 0 0 2
1 0 0 0 0 0 0 0 3
3 0 0 0 0 0 0 0 4
4 0 0 0 0 0 0 0 1
  3 2 2 3 3 3 1  

  4 2 3 2 3 1 5  
3 0 0 0 0 0 0 0 2
2 0 0 0 0 0 0 0 4
2 0 0 0 0 0 0 0 3
3 0 0 0 0 0 0 0 2
1 0 0 0 0 0 0 0 3
3 0 0 0 0 0 0 0 4
4 0 0 0 0 0 0 0 1
  3 2 2 3 3 3 1  
(6, 1): 7
(2, 2): 7
(4, 2): 7
(2, 3): 7
(3, 3): 7
(4, 3): 7
(5, 3): 7
(3, 4): 7
(4, 4): 7
(5, 4): 7
(6, 4): 7
(1, 5): 7
(2, 5): 7
(3, 5): 7
(4, 5): 7
(5, 5): 7
(3, 6): 7
(7, 7): 7
(2, 1): 6
(4, 1): 6
(3, 2): 6
(5, 2): 6
(1, 3): 6
(6, 3): 6
(2, 4): 6
(7, 4): 6
(6, 5): 6
(2, 6): 6
(4, 6): 6
(5, 6): 6
(3, 7): 6
(3, 1): 5
(5, 1): 5
(1, 2): 5
(6, 2): 5
(7, 3): 5
(1, 4): 5
(7, 5): 5
(1, 6): 5
(6, 6): 5
(2, 7): 5
(4, 7): 5
(5, 7): 5
(6, 7): 5
(1, 1): 4
(7, 2): 4
(7, 6): 4
(1, 7): 4
(7, 1): 3
